500.000000
t              x         y          r       theta       energy   ang. momentum 
0.006772   0.999977   0.004741   0.999988  0.004741   -0.755000    0.700000
0.013545   0.999908   0.009481   0.999953  0.009482   -0.755000    0.700000
0.020317   0.999794   0.014221   0.999895  0.014223   -0.755000    0.700000
0.027090   0.999633   0.018961   0.999813  0.018965   -0.755000    0.700000
0.033862   0.999427   0.023699   0.999708  0.023708   -0.755000    0.700000
0.040635   0.999174   0.028437   0.999579  0.028452   -0.755000    0.700000
0.047407   0.998876   0.033173   0.999427  0.033198   -0.755000    0.700000
0.054180   0.998532   0.037907   0.999251  0.037945   -0.755000    0.700000
0.060952   0.998142   0.042640   0.999052  0.042694   -0.755000    0.700000
0.067725   0.997706   0.047371   0.998830  0.047444   -0.755000    0.700000
0.074497   0.997224   0.052100   0.998584  0.052197   -0.755000    0.700000
0.081270   0.996697   0.056826   0.998315  0.056953   -0.755000    0.700000
0.088042   0.996123   0.061550   0.998023  0.061711   -0.755000    0.700000
0.094815   0.995503   0.066271   0.997707  0.066472   -0.755000    0.700000
0.101587   0.994838   0.070988   0.997367  0.071236   -0.755000    0.700000
0.108360   0.994126   0.075703   0.997004  0.076004   -0.755000    0.700000
0.115132   0.993368   0.080414   0.996618  0.080775   -0.755000    0.700000
0.121905   0.992565   0.085121   0.996208  0.085550   -0.755000    0.700000
0.128677   0.991715   0.089825   0.995775  0.090329   -0.755000    0.700000
0.135450   0.990819   0.094524   0.995318  0.095112   -0.755000    0.700000
0.142222   0.989877   0.099219   0.994838  0.099899   -0.755000    0.700000
0.148995   0.988889   0.103909   0.994334  0.104692   -0.755000    0.700000
0.155767   0.987855   0.108594   0.993806  0.109489   -0.755000    0.700000
0.162540   0.986775   0.113274   0.993255  0.114292   -0.755000    0.700000
0.169312   0.985649   0.117949   0.992681  0.119100   -0.755000    0.700000
0.176085   0.984476   0.122618   0.992083  0.123914   -0.755000    0.700000
0.182857   0.983257   0.127282   0.991461  0.128734   -0.755000    0.700000
0.189630   0.981992   0.131940   0.990816  0.133559   -0.755000    0.700000
0.196402   0.980680   0.136591   0.990147  0.138392   -0.755000    0.700000
0.203175   0.979323   0.141236   0.989455  0.143231   -0.755000    0.700000
0.209947   0.977918   0.145874   0.988738  0.148076   -0.755000    0.700000
0.216720   0.976468   0.150506   0.987999  0.152929   -0.755000    0.700000
0.223492   0.974971   0.155130   0.987235  0.157790   -0.755000    0.700000
0.230265   0.973427   0.159747   0.986448  0.162658   -0.755000    0.700000
0.237037   0.971837   0.164356   0.985637  0.167534   -0.755000    0.700000
0.243810   0.970201   0.168957   0.984802  0.172418   -0.755000    0.700000
0.250582   0.968517   0.173550   0.983944  0.177310   -0.755000    0.700000
0.257355   0.966788   0.178135   0.983062  0.182211   -0.755000    0.700000
0.264127   0.965011   0.182711   0.982156  0.187121   -0.755000    0.700000
0.270900   0.963188   0.187279   0.981226  0.192040   -0.755000    0.700000
0.277672   0.961318   0.191837   0.980272  0.196969   -0.755000    0.700000
0.284445   0.959401   0.196386   0.979295  0.201907   -0.755000    0.700000
0.291217   0.957437   0.200925   0.978293  0.206856   -0.755000    0.700000
0.297990   0.955427   0.205455   0.977268  0.211814   -0.755000    0.700000
0.304762   0.953369   0.209974   0.976218  0.216783   -0.755000    0.700000
0.311535   0.951265   0.214483   0.975145  0.221763   -0.755000    0.700000
0.318307   0.949113   0.218982   0.974048  0.226755   -0.755000    0.700000
0.325080   0.946915   0.223469   0.972927  0.231757   -0.755000    0.700000
0.331852   0.944669   0.227946   0.971781  0.236771   -0.755000    0.700000
0.338625   0.942376   0.232411   0.970612  0.241797   -0.755000    0.700000
0.345397   0.940036   0.236864   0.969418  0.246835   -0.755000    0.700000
0.352170   0.937648   0.241306   0.968201  0.251886   -0.755001    0.700000
0.358942   0.935213   0.245735   0.966959  0.256950   -0.755001    0.700000
0.365715   0.932731   0.250152   0.965693  0.262027   -0.755001    0.700000
0.372487   0.930201   0.254556   0.964402  0.267117   -0.755001    0.700000
0.379260   0.927623   0.258947   0.963088  0.272221   -0.755001    0.700000
0.386032   0.924998   0.263325   0.961749  0.277340   -0.755001    0.700000
0.392805   0.922325   0.267689   0.960386  0.282472   -0.755001    0.700000
0.399577   0.919605   0.272039   0.958998  0.287619   -0.755001    0.700000
0.406350   0.916836   0.276376   0.957587  0.292782   -0.755001    0.700000
0.413122   0.914020   0.280697   0.956150  0.297960   -0.755001    0.700000
0.419895   0.911156   0.285004   0.954689  0.303153   -0.755001    0.700000
0.426667   0.908243   0.289296   0.953204  0.308362   -0.755001    0.700000
0.433440   0.905283   0.293573   0.951694  0.313588   -0.755001    0.700000
0.440212   0.902274   0.297834   0.950160  0.318831   -0.755001    0.700000
0.446985   0.899218   0.302079   0.948601  0.324091   -0.755001    0.700000
0.453757   0.896112   0.306308   0.947017  0.329368   -0.755001    0.700000
0.460530   0.892959   0.310520   0.945409  0.334663   -0.755001    0.700000
0.467302   0.889757   0.314716   0.943776  0.339976   -0.755001    0.700000
0.474075   0.886506   0.318894   0.942118  0.345308   -0.755001    0.700000
0.480847   0.883207   0.323055   0.940436  0.350658   -0.755001    0.700000
0.487620   0.879859   0.327198   0.938728  0.356028   -0.755001    0.700000
0.494392   0.876463   0.331323   0.936996  0.361418   -0.755001    0.700000
0.501165   0.873017   0.335429   0.935239  0.366828   -0.755001    0.700000
0.507937   0.869523   0.339517   0.933457  0.372258   -0.755001    0.700000
0.514710   0.865979   0.343585   0.931650  0.377710   -0.755001    0.700000
0.521482   0.862387   0.347634   0.929817  0.383182   -0.755001    0.700000
0.528255   0.858745   0.351663   0.927960  0.388676   -0.755001    0.700000
0.535027   0.855054   0.355672   0.926078  0.394193   -0.755001    0.700000
0.541800   0.851313   0.359661   0.924170  0.399732   -0.755001    0.700000
0.548572   0.847523   0.363628   0.922237  0.405294   -0.755001    0.700000
0.555345   0.843684   0.367574   0.920279  0.410880   -0.755001    0.700000
0.562117   0.839795   0.371499   0.918295  0.416490   -0.755001    0.700000
0.568890   0.835856   0.375402   0.916287  0.422124   -0.755002    0.700000
0.575662   0.831867   0.379282   0.914252  0.427783   -0.755002    0.700000
0.582435   0.827828   0.383139   0.912193  0.433468   -0.755002    0.700000
0.589207   0.823740   0.386974   0.910107  0.439178   -0.755002    0.700000
0.595980   0.819601   0.390784   0.907997  0.444915   -0.755002    0.700000
0.602752   0.815412   0.394571   0.905860  0.450678   -0.755002    0.700000
0.609525   0.811172   0.398334   0.903698  0.456469   -0.755002    0.700000
0.616297   0.806883   0.402071   0.901510  0.462288   -0.755002    0.700000
0.623070   0.802542   0.405784   0.899297  0.468136   -0.755002    0.700000
0.629842   0.798152   0.409471   0.897058  0.474012   -0.755002    0.700000
0.636615   0.793710   0.413132   0.894792  0.479918   -0.755002    0.700000
0.643387   0.789218   0.416766   0.892501  0.485855   -0.755002    0.700000
0.650160   0.784674   0.420374   0.890184  0.491822   -0.755002    0.700000
0.656932   0.780080   0.423954   0.887841  0.497820   -0.755002    0.700000
0.663705   0.775434   0.427507   0.885472  0.503850   -0.755002    0.700000
0.670477   0.770738   0.431031   0.883077  0.509913   -0.755002    0.700000
0.677250   0.765990   0.434526   0.880655  0.516009   -0.755002    0.700000
0.684022   0.761190   0.437993   0.878207  0.522138   -0.755002    0.700000
0.690795   0.756339   0.441429   0.875733  0.528303   -0.755003    0.700000
0.697567   0.751437   0.444836   0.873233  0.534502   -0.755003    0.700000
0.704340   0.746482   0.448212   0.870706  0.540737   -0.755003    0.700000
0.711112   0.741476   0.451556   0.868153  0.547009   -0.755003    0.700000
0.717885   0.736418   0.454869   0.865573  0.553317   -0.755003    0.700000
0.724657   0.731307   0.458150   0.862967  0.559664   -0.755003    0.700000
0.731430   0.726145   0.461399   0.860334  0.566049   -0.755003    0.700000
0.738202   0.720930   0.464614   0.857675  0.572474   -0.755003    0.700000
0.744975   0.715663   0.467795   0.854988  0.578939   -0.755003    0.700000
0.751747   0.710343   0.470942   0.852275  0.585445   -0.755003    0.700000
0.758520   0.704970   0.474054   0.849535  0.591992   -0.755003    0.700000
0.765292   0.699545   0.477130   0.846768  0.598582   -0.755003    0.700000
0.772065   0.694067   0.480171   0.843975  0.605216   -0.755004    0.700000
0.778837   0.688536   0.483174   0.841154  0.611894   -0.755004    0.700000
0.785610   0.682952   0.486141   0.838306  0.618617   -0.755004    0.700000
0.792382   0.677315   0.489070   0.835431  0.625386   -0.755004    0.700000
0.799155   0.671625   0.491960   0.832529  0.632202   -0.755004    0.700000
0.805927   0.665881   0.494811   0.829600  0.639066   -0.755004    0.700000
0.812700   0.660084   0.497623   0.826643  0.645979   -0.755004    0.700000
0.819472   0.654233   0.500394   0.823659  0.652941   -0.755004    0.700000
0.826245   0.648328   0.503124   0.820648  0.659955   -0.755004    0.700000
0.833017   0.642370   0.505812   0.817609  0.667020   -0.755005    0.700000
0.839790   0.636357   0.508458   0.814543  0.674139   -0.755005    0.700000
0.846562   0.630291   0.511060   0.811449  0.681311   -0.755005    0.700000
0.853335   0.624171   0.513619   0.808327  0.688539   -0.755005    0.700000
0.860107   0.617996   0.516133   0.805178  0.695823   -0.755005    0.700000
0.866880   0.611767   0.518602   0.802002  0.703164   -0.755005    0.700000
0.873652   0.605484   0.521024   0.798797  0.710564   -0.755005    0.700000
0.880425   0.599146   0.523400   0.795565  0.718024   -0.755005    0.700000
0.887197   0.592753   0.525728   0.792305  0.725545   -0.755006    0.700000
0.893970   0.586306   0.528008   0.789017  0.733128   -0.755006    0.700000
0.900742   0.579804   0.530238   0.785701  0.740775   -0.755006    0.700000
0.907515   0.573248   0.532418   0.782357  0.748487   -0.755006    0.700000
0.914287   0.566636   0.534547   0.778985  0.756266   -0.755006    0.700000
0.921060   0.559970   0.536625   0.775585  0.764113   -0.755006    0.700000
0.927832   0.553248   0.538649   0.772157  0.772029   -0.755007    0.700000
0.934605   0.546472   0.540620   0.768701  0.780015   -0.755007    0.700000
0.941377   0.539640   0.542536   0.765217  0.788075   -0.755007    0.700000
0.948150   0.532753   0.544397   0.761704  0.796208   -0.755007    0.700000
0.954922   0.525810   0.546201   0.758164  0.804417   -0.755007    0.700000
0.961695   0.518812   0.547948   0.754595  0.812704   -0.755008    0.700000
0.968467   0.511759   0.549636   0.750998  0.821069   -0.755008    0.700000
0.975240   0.504651   0.551265   0.747372  0.829515   -0.755008    0.700000
0.982012   0.497487   0.552833   0.743719  0.838044   -0.755008    0.700000
0.988785   0.490267   0.554340   0.740037  0.846658   -0.755008    0.700000
0.995557   0.482992   0.555783   0.736327  0.855358   -0.755009    0.700000
1.002330   0.475662   0.557163   0.732588  0.864146   -0.755009    0.700000
1.009102   0.468276   0.558478   0.728821  0.873025   -0.755009    0.700000
1.015875   0.460835   0.559727   0.725026  0.881996   -0.755009    0.700000
1.022647   0.453338   0.560908   0.721203  0.891063   -0.755010    0.700000
1.029420   0.445786   0.562021   0.717351  0.900226   -0.755010    0.700000
1.036192   0.438178   0.563064   0.713471  0.909488   -0.755010    0.700000
1.042965   0.430515   0.564036   0.709563  0.918853   -0.755011    0.700000
1.049737   0.422797   0.564935   0.705627  0.928321   -0.755011    0.700000
1.056510   0.415023   0.565761   0.701662  0.937896   -0.755011    0.700000
1.063282   0.407195   0.566512   0.697670  0.947580   -0.755012    0.700000
1.070055   0.399311   0.567186   0.693649  0.957376   -0.755012    0.700000
1.076827   0.391373   0.567782   0.689601  0.967287   -0.755012    0.700000
1.083600   0.383380   0.568299   0.685524  0.977315   -0.755013    0.700000
1.090372   0.375332   0.568734   0.681420  0.987463   -0.755013    0.700000
1.097145   0.367230   0.569088   0.677288  0.997735   -0.755013    0.700000
1.103917   0.359074   0.569357   0.673128  1.008134   -0.755014    0.700000
1.110690   0.350863   0.569541   0.668941  1.018662   -0.755014    0.700000
1.117462   0.342599   0.569637   0.664726  1.029323   -0.755015    0.700000
1.124235   0.334282   0.569645   0.660484  1.040121   -0.755015    0.700000
1.131007   0.325911   0.569561   0.656215  1.051059   -0.755015    0.700000
1.137780   0.317487   0.569386   0.651919  1.062140   -0.755016    0.700000
1.144552   0.309011   0.569116   0.647596  1.073369   -0.755016    0.700000
1.151325   0.300482   0.568750   0.643246  1.084749   -0.755017    0.700000
1.158097   0.291902   0.568286   0.638871  1.096285   -0.755017    0.700000
1.164870   0.283271   0.567722   0.634468  1.107981   -0.755018    0.700000
1.171642   0.274588   0.567056   0.630040  1.119840   -0.755019    0.700000
1.178415   0.265856   0.566286   0.625587  1.131868   -0.755019    0.700000
1.185187   0.257073   0.565410   0.621108  1.144068   -0.755020    0.700000
1.191960   0.248241   0.564425   0.616603  1.156447   -0.755020    0.700000
1.198732   0.239361   0.563331   0.612074  1.169008   -0.755021    0.700000
1.205505   0.230433   0.562123   0.607521  1.181757   -0.755022    0.700000
1.212277   0.221458   0.560801   0.602944  1.194698   -0.755022    0.700000
1.219050   0.212436   0.559361   0.598343  1.207839   -0.755023    0.700000
1.225822   0.203369   0.557802   0.593718  1.221184   -0.755024    0.700000
1.232595   0.194257   0.556120   0.589071  1.234738   -0.755024    0.700000
1.239367   0.185102   0.554313   0.584402  1.248509   -0.755025    0.700000
1.246140   0.175904   0.552379   0.579711  1.262502   -0.755026    0.700000
1.252912   0.166665   0.550315   0.574999  1.276724   -0.755027    0.700000
1.259685   0.157386   0.548119   0.570267  1.291181   -0.755028    0.700000
1.266457   0.148067   0.545786   0.565514  1.305881   -0.755029    0.700000
1.273230   0.138711   0.543316   0.560743  1.320831   -0.755030    0.700000
1.280002   0.129320   0.540704   0.555953  1.336037   -0.755031    0.700000
1.286775   0.119893   0.537947   0.551146  1.351509   -0.755032    0.700000
1.293547   0.110434   0.535043   0.546321  1.367253   -0.755033    0.700000
1.300320   0.100944   0.531989   0.541481  1.383278   -0.755034    0.700000
1.307092   0.091424   0.528781   0.536626  1.399593   -0.755035    0.700000
1.313865   0.081878   0.525416   0.531758  1.416206   -0.755036    0.700000
1.320637   0.072306   0.521891   0.526876  1.433126   -0.755037    0.700000
1.327410   0.062712   0.518202   0.521983  1.450363   -0.755038    0.700000
1.334182   0.053098   0.514346   0.517080  1.467927   -0.755040    0.700000
1.340955   0.043466   0.510320   0.512167  1.485828   -0.755041    0.700000
1.347727   0.033819   0.506119   0.507248  1.504075   -0.755042    0.700000
1.354500   0.024160   0.501740   0.502322  1.522680   -0.755044    0.700000
1.361272   0.014493   0.497180   0.497391  1.541654   -0.755045    0.700000
1.368045   0.004820   0.492435   0.492458  1.561008   -0.755047    0.700000
1.374817   -0.004854   0.487500   0.487524  1.580753   -0.755048    0.700000
1.381590   -0.014527   0.482372   0.482591  1.600902   -0.755050    0.700000
1.388362   -0.024193   0.477048   0.477661  1.621468   -0.755051    0.700000
1.395135   -0.033850   0.471523   0.472736  1.642462   -0.755053    0.700000
1.401907   -0.043491   0.465793   0.467819  1.663897   -0.755055    0.700000
1.408680   -0.053114   0.459854   0.462912  1.685788   -0.755056    0.700000
1.415452   -0.062711   0.453703   0.458017  1.708147   -0.755058    0.700000
1.422225   -0.072279   0.447336   0.453137  1.730988   -0.755060    0.700000
1.428997   -0.081811   0.440747   0.448276  1.754326   -0.755062    0.700000
1.435770   -0.091301   0.433935   0.443436  1.778174   -0.755064    0.700000
1.442542   -0.100743   0.426894   0.438620  1.802547   -0.755065    0.700000
1.449315   -0.110131   0.419621   0.433833  1.827460   -0.755067    0.700000
1.456087   -0.119456   0.412113   0.429077  1.852927   -0.755069    0.700000
1.462860   -0.128712   0.404365   0.424356  1.878962   -0.755071    0.700000
1.469632   -0.137891   0.396375   0.419675  1.905581   -0.755073    0.700000
1.476405   -0.146984   0.388139   0.415037  1.932797   -0.755075    0.700000
1.483177   -0.155983   0.379654   0.410448  1.960626   -0.755076    0.700000
1.489950   -0.164878   0.370917   0.405912  1.989080   -0.755078    0.700000
1.496722   -0.173660   0.361926   0.401433  2.018173   -0.755080    0.700000
1.503495   -0.182319   0.352678   0.397017  2.047917   -0.755082    0.700000
1.510267   -0.190845   0.343172   0.392669  2.078326   -0.755083    0.700000
1.517040   -0.199226   0.333406   0.388395  2.109410   -0.755085    0.700000
1.523812   -0.207450   0.323379   0.384200  2.141179   -0.755086    0.700000
1.530585   -0.215507   0.313091   0.380091  2.173642   -0.755087    0.700000
1.537357   -0.223384   0.302541   0.376074  2.206806   -0.755088    0.700000
1.544130   -0.231069   0.291731   0.372155  2.240678   -0.755089    0.700000
1.550902   -0.238547   0.280661   0.368341  2.275261   -0.755090    0.700000
1.557675   -0.245807   0.269334   0.364639  2.310557   -0.755091    0.700000
1.564447   -0.252835   0.257752   0.361056  2.346565   -0.755091    0.700000
1.571220   -0.259616   0.245919   0.357598  2.383282   -0.755092    0.700000
1.577992   -0.266136   0.233839   0.354273  2.420702   -0.755092    0.700000
1.584765   -0.272382   0.221519   0.351088  2.458816   -0.755092    0.700000
1.591537   -0.278340   0.208964   0.348050  2.497611   -0.755092    0.700000
1.598310   -0.283995   0.196182   0.345167  2.537073   -0.755091    0.700000
1.605082   -0.289333   0.183181   0.342445  2.577180   -0.755091    0.700000
1.611855   -0.294341   0.169971   0.339892  2.617909   -0.755090    0.700000
1.618627   -0.299005   0.156563   0.337514  2.659234   -0.755089    0.700000
1.625400   -0.303313   0.142968   0.335318  2.701122   -0.755088    0.700000
1.632172   -0.307252   0.129200   0.333311  2.743539   -0.755087    0.700000
1.638945   -0.310810   0.115271   0.331497  2.786445   -0.755086    0.700000
1.645717   -0.313978   0.101198   0.329883  2.829796   -0.755085    0.700000
1.652490   -0.316744   0.086995   0.328474  2.873547   -0.755085    0.700000
1.659262   -0.319101   0.072681   0.327273  2.917647   -0.755084    0.700000
1.666035   -0.321041   0.058271   0.326286  2.962042   -0.755083    0.700000
1.672807   -0.322557   0.043784   0.325515  3.006677   -0.755082    0.700000
1.679580   -0.323644   0.029239   0.324962  3.051494   -0.755082    0.700000
1.686352   -0.324299   0.014655   0.324630  3.096434   -0.755082    0.700000
1.693125   -0.324520   0.000051   0.324520  3.141434   -0.755082    0.700000
1.699897   -0.324306   -0.014552   0.324632  -3.096751   -0.755082    0.700000
1.706670   -0.323657   -0.029136   0.324966  -3.051812   -0.755082    0.700000
1.713442   -0.322576   -0.043682   0.325520  -3.006996   -0.755082    0.700000
1.720215   -0.321066   -0.058169   0.326293  -2.962363   -0.755083    0.700000
1.726987   -0.319132   -0.072579   0.327282  -2.917969   -0.755084    0.700000
1.733760   -0.316782   -0.086895   0.328484  -2.873872   -0.755085    0.700000
1.740532   -0.314021   -0.101098   0.329894  -2.830124   -0.755085    0.700000
1.747305   -0.310860   -0.115173   0.331510  -2.786776   -0.755086    0.700000
1.754077   -0.307308   -0.129102   0.333325  -2.743874   -0.755087    0.700000
1.760850   -0.303375   -0.142872   0.335334  -2.701461   -0.755088    0.700000
1.767622   -0.299074   -0.156468   0.337531  -2.659576   -0.755089    0.700000
1.774395   -0.294416   -0.169878   0.339910  -2.618256   -0.755090    0.700000
1.781167   -0.289414   -0.183090   0.342465  -2.577531   -0.755091    0.700000
1.787940   -0.284082   -0.196092   0.345188  -2.537429   -0.755091    0.700000
1.794712   -0.278433   -0.208876   0.348072  -2.497972   -0.755092    0.700000
1.801485   -0.272481   -0.221434   0.351111  -2.459182   -0.755092    0.700000
1.808257   -0.266241   -0.233756   0.354297  -2.421073   -0.755092    0.700000
1.815030   -0.259726   -0.245838   0.357623  -2.383658   -0.755092    0.700000
1.821802   -0.252951   -0.257674   0.361082  -2.346946   -0.755091    0.700000
1.828575   -0.245930   -0.269258   0.364666  -2.310943   -0.755091    0.700000
1.835347   -0.238676   -0.280589   0.368369  -2.275653   -0.755090    0.700000
1.842120   -0.231203   -0.291661   0.372184  -2.241075   -0.755089    0.700000
1.848892   -0.223524   -0.302475   0.376104  -2.207209   -0.755088    0.700000
1.855665   -0.215652   -0.313028   0.380121  -2.174050   -0.755087    0.700000
1.862437   -0.207601   -0.323319   0.384231  -2.141592   -0.755086    0.700000
1.869210   -0.199381   -0.333350   0.388426  -2.109828   -0.755085    0.700000
1.875982   -0.191006   -0.343119   0.392701  -2.078749   -0.755083    0.700000
1.882755   -0.182485   -0.352629   0.397049  -2.048346   -0.755082    0.700000
1.889527   -0.173831   -0.361880   0.401466  -2.018606   -0.755080    0.700000
1.896300   -0.165054   -0.370875   0.405945  -1.989518   -0.755078    0.700000
1.903072   -0.156164   -0.379616   0.410482  -1.961068   -0.755076    0.700000
1.909845   -0.147170   -0.388105   0.415072  -1.933245   -0.755075    0.700000
1.916617   -0.138081   -0.396346   0.419710  -1.906033   -0.755073    0.700000
1.923390   -0.128907   -0.404340   0.424391  -1.879418   -0.755071    0.700000
1.930162   -0.119656   -0.412092   0.429112  -1.853387   -0.755069    0.700000
1.936935   -0.110334   -0.419605   0.433868  -1.827924   -0.755067    0.700000
1.943707   -0.100951   -0.426882   0.438656  -1.803016   -0.755065    0.700000
1.950480   -0.091513   -0.433927   0.443472  -1.778647   -0.755064    0.700000
1.957252   -0.082027   -0.440744   0.448312  -1.754802   -0.755062    0.700000
1.964025   -0.072499   -0.447337   0.453173  -1.731468   -0.755060    0.700000
1.970797   -0.062936   -0.453709   0.458053  -1.708631   -0.755058    0.700000
1.977570   -0.053342   -0.459865   0.462948  -1.686275   -0.755056    0.700000
1.984342   -0.043723   -0.465808   0.467855  -1.664388   -0.755055    0.700000
1.991115   -0.034085   -0.471542   0.472773  -1.642956   -0.755053    0.700000
1.997887   -0.024433   -0.477072   0.477698  -1.621965   -0.755051    0.700000
2.004659   -0.014769   -0.482402   0.482628  -1.601403   -0.755050    0.700000
2.011432   -0.005100   -0.487534   0.487561  -1.581257   -0.755048    0.700000
2.018204   0.004571   -0.492474   0.492495  -1.561514   -0.755047    0.700000
2.024977   0.014241   -0.497224   0.497428  -1.542163   -0.755045    0.700000
2.031749   0.023905   -0.501789   0.502358  -1.523192   -0.755044    0.700000
2.038522   0.033561   -0.506173   0.507284  -1.504590   -0.755042    0.700000
2.045294   0.043205   -0.510379   0.512204  -1.486345   -0.755041    0.700000
2.052067   0.052834   -0.514410   0.517116  -1.468447   -0.755040    0.700000
2.058839   0.062446   -0.518271   0.522019  -1.450886   -0.755038    0.700000
2.065612   0.072037   -0.521965   0.526912  -1.433651   -0.755037    0.700000
2.072384   0.081606   -0.525495   0.531794  -1.416733   -0.755036    0.700000
2.079157   0.091150   -0.528865   0.536663  -1.400122   -0.755035    0.700000
2.085929   0.100667   -0.532078   0.541517  -1.383810   -0.755034    0.700000
2.092702   0.110156   -0.535137   0.546357  -1.367787   -0.755033    0.700000
2.099474   0.119613   -0.538046   0.551181  -1.352044   -0.755032    0.700000
2.106247   0.129037   -0.540808   0.555989  -1.336575   -0.755031    0.700000
2.113019   0.138427   -0.543425   0.560779  -1.321370   -0.755030    0.700000
2.119792   0.147781   -0.545901   0.565550  -1.306423   -0.755029    0.700000
2.126564   0.157097   -0.548238   0.570302  -1.291725   -0.755028    0.700000
2.133337   0.166375   -0.550440   0.575034  -1.277269   -0.755027    0.700000
2.140109   0.175612   -0.552509   0.579746  -1.263049   -0.755026    0.700000
2.146882   0.184809   -0.554448   0.584437  -1.249058   -0.755025    0.700000
2.153654   0.193962   -0.556259   0.589106  -1.235288   -0.755024    0.700000
2.160427   0.203073   -0.557946   0.593753  -1.221735   -0.755024    0.700000
2.167199   0.212138   -0.559511   0.598377  -1.208392   -0.755023    0.700000
2.173972   0.221159   -0.560955   0.602978  -1.195253   -0.755022    0.700000
2.180744   0.230133   -0.562283   0.607555  -1.182313   -0.755022    0.700000
2.187517   0.239060   -0.563495   0.612108  -1.169565   -0.755021    0.700000
2.194289   0.247939   -0.564595   0.616637  -1.157006   -0.755020    0.700000
2.201062   0.256770   -0.565584   0.621141  -1.144629   -0.755020    0.700000
2.207834   0.265551   -0.566465   0.625620  -1.132429   -0.755019    0.700000
2.214607   0.274283   -0.567240   0.630073  -1.120403   -0.755019    0.700000
2.221379   0.282965   -0.567911   0.634501  -1.108545   -0.755018    0.700000
2.228152   0.291596   -0.568480   0.638903  -1.096851   -0.755017    0.700000
2.234924   0.300175   -0.568949   0.643279  -1.085316   -0.755017    0.700000
2.241697   0.308703   -0.569320   0.647628  -1.073937   -0.755016    0.700000
2.248469   0.317179   -0.569594   0.651951  -1.062709   -0.755016    0.700000
2.255242   0.325602   -0.569775   0.656247  -1.051629   -0.755015    0.700000
2.262014   0.333972   -0.569863   0.660516  -1.040692   -0.755015    0.700000
2.268787   0.342289   -0.569860   0.664757  -1.029895   -0.755015    0.700000
2.275559   0.350553   -0.569768   0.668972  -1.019235   -0.755014    0.700000
2.282332   0.358763   -0.569589   0.673159  -1.008708   -0.755014    0.700000
2.289104   0.366919   -0.569325   0.677319  -0.998310   -0.755013    0.700000
2.295877   0.375021   -0.568976   0.681450  -0.988039   -0.755013    0.700000
2.302649   0.383069   -0.568545   0.685555  -0.977892   -0.755013    0.700000
2.309422   0.391062   -0.568033   0.689631  -0.967864   -0.755012    0.700000
2.316194   0.399000   -0.567441   0.693679  -0.957955   -0.755012    0.700000
2.322967   0.406884   -0.566772   0.697700  -0.948160   -0.755012    0.700000
2.329739   0.414713   -0.566026   0.701692  -0.938476   -0.755011    0.700000
2.336512   0.422486   -0.565205   0.705656  -0.928902   -0.755011    0.700000
2.343284   0.430204   -0.564310   0.709592  -0.919435   -0.755011    0.700000
2.350057   0.437868   -0.563342   0.713500  -0.910071   -0.755010    0.700000
2.356829   0.445476   -0.562304   0.717380  -0.900809   -0.755010    0.700000
2.363602   0.453028   -0.561195   0.721231  -0.891647   -0.755010    0.700000
2.370374   0.460525   -0.560018   0.725055  -0.882581   -0.755009    0.700000
2.377147   0.467967   -0.558774   0.728849  -0.873610   -0.755009    0.700000
2.383919   0.475353   -0.557463   0.732616  -0.864732   -0.755009    0.700000
2.390692   0.482684   -0.556088   0.736354  -0.855944   -0.755009    0.700000
2.397464   0.489960   -0.554648   0.740064  -0.847245   -0.755008    0.700000
2.404237   0.497180   -0.553146   0.743746  -0.838632   -0.755008    0.700000
2.411009   0.504344   -0.551582   0.747399  -0.830104   -0.755008    0.700000
2.417782   0.511454   -0.549957   0.751025  -0.821658   -0.755008    0.700000
2.424554   0.518507   -0.548273   0.754621  -0.813294   -0.755008    0.700000
2.431327   0.525506   -0.546531   0.758190  -0.805008   -0.755007    0.700000
2.438099   0.532449   -0.544731   0.761730  -0.796799   -0.755007    0.700000
2.444872   0.539337   -0.542874   0.765243  -0.788666   -0.755007    0.700000
2.451644   0.546170   -0.540962   0.768727  -0.780608   -0.755007    0.700000
2.458417   0.552947   -0.538995   0.772183  -0.772621   -0.755007    0.700000
2.465189   0.559670   -0.536974   0.775610  -0.764706   -0.755006    0.700000
2.471962   0.566337   -0.534901   0.779010  -0.756860   -0.755006    0.700000
2.478734   0.572950   -0.532776   0.782382  -0.749082   -0.755006    0.700000
2.485507   0.579507   -0.530600   0.785725  -0.741370   -0.755006    0.700000
2.492279   0.586010   -0.528373   0.789041  -0.733723   -0.755006    0.700000
2.499052   0.592458   -0.526097   0.792329  -0.726140   -0.755006    0.700000
2.505824   0.598852   -0.523773   0.795589  -0.718620   -0.755005    0.700000
2.512597   0.605191   -0.521401   0.798821  -0.711160   -0.755005    0.700000
2.519369   0.611475   -0.518982   0.802025  -0.703761   -0.755005    0.700000
2.526142   0.617705   -0.516517   0.805202  -0.696420   -0.755005    0.700000
2.532914   0.623881   -0.514007   0.808351  -0.689137   -0.755005    0.700000
2.539687   0.630003   -0.511452   0.811472  -0.681909   -0.755005    0.700000
2.546459   0.636071   -0.508853   0.814566  -0.674737   -0.755005    0.700000
2.553232   0.642084   -0.506211   0.817632  -0.667619   -0.755005    0.700000
2.560004   0.648044   -0.503526   0.820670  -0.660554   -0.755004    0.700000
2.566777   0.653950   -0.500800   0.823681  -0.653541   -0.755004    0.700000
2.573549   0.659802   -0.498032   0.826665  -0.646579   -0.755004    0.700000
2.580322   0.665601   -0.495224   0.829622  -0.639666   -0.755004    0.700000
2.587094   0.671346   -0.492376   0.832551  -0.632803   -0.755004    0.700000
2.593867   0.677038   -0.489490   0.835453  -0.625987   -0.755004    0.700000
2.600639   0.682677   -0.486564   0.838327  -0.619218   -0.755004    0.700000
2.607412   0.688263   -0.483601   0.841175  -0.612496   -0.755004    0.700000
2.614184   0.693795   -0.480601   0.843996  -0.605818   -0.755004    0.700000
2.620957   0.699275   -0.477563   0.846789  -0.599185   -0.755003    0.700000
2.627729   0.704701   -0.474490   0.849556  -0.592595   -0.755003    0.700000
2.634502   0.710075   -0.471381   0.852295  -0.586048   -0.755003    0.700000
2.641274   0.715397   -0.468238   0.855008  -0.579542   -0.755003    0.700000
2.648047   0.720666   -0.465060   0.857694  -0.573078   -0.755003    0.700000
2.654819   0.725882   -0.461848   0.860354  -0.566653   -0.755003    0.700000
2.661592   0.731047   -0.458603   0.862987  -0.560268   -0.755003    0.700000
2.668364   0.736159   -0.455325   0.865593  -0.553922   -0.755003    0.700000
2.675137   0.741219   -0.452015   0.868172  -0.547614   -0.755003    0.700000
2.681909   0.746227   -0.448673   0.870725  -0.541342   -0.755003    0.700000
2.688682   0.751183   -0.445300   0.873252  -0.535108   -0.755003    0.700000
2.695454   0.756088   -0.441897   0.875752  -0.528909   -0.755003    0.700000
2.702227   0.760940   -0.438463   0.878226  -0.522745   -0.755002    0.700000
2.708999   0.765742   -0.435000   0.880673  -0.516615   -0.755002    0.700000
2.715772   0.770492   -0.431507   0.883094  -0.510520   -0.755002    0.700000
2.722544   0.775190   -0.427986   0.885490  -0.504457   -0.755002    0.700000
2.729317   0.779838   -0.424436   0.887859  -0.498427   -0.755002    0.700000
2.736089   0.784434   -0.420859   0.890201  -0.492429   -0.755002    0.700000
2.742862   0.788979   -0.417254   0.892518  -0.486462   -0.755002    0.700000
2.749634   0.793474   -0.413622   0.894809  -0.480526   -0.755002    0.700000
2.756407   0.797917   -0.409964   0.897074  -0.474620   -0.755002    0.700000
2.763179   0.802310   -0.406279   0.899313  -0.468744   -0.755002    0.700000
2.769952   0.806653   -0.402570   0.901527  -0.462897   -0.755002    0.700000
2.776724   0.810944   -0.398834   0.903714  -0.457078   -0.755002    0.700000
2.783497   0.815186   -0.395075   0.905876  -0.451287   -0.755002    0.700000
2.790269   0.819377   -0.391290   0.908012  -0.445524   -0.755002    0.700000
2.797042   0.823518   -0.387482   0.910123  -0.439787   -0.755002    0.700000
2.803814   0.827609   -0.383650   0.912208  -0.434077   -0.755002    0.700000
2.810587   0.831649   -0.379795   0.914268  -0.428393   -0.755002    0.700000
2.817359   0.835640   -0.375918   0.916302  -0.422734   -0.755002    0.700000
2.824132   0.839581   -0.372017   0.918310  -0.417100   -0.755001    0.700000
2.830904   0.843473   -0.368095   0.920294  -0.411490   -0.755001    0.700000
2.837677   0.847314   -0.364151   0.922252  -0.405905   -0.755001    0.700000
2.844449   0.851107   -0.360186   0.924184  -0.400343   -0.755001    0.700000
2.851222   0.854849   -0.356200   0.926092  -0.394804   -0.755001    0.700000
2.857994   0.858543   -0.352193   0.927974  -0.389287   -0.755001    0.700000
2.864767   0.862187   -0.348166   0.929831  -0.383793   -0.755001    0.700000
2.871539   0.865782   -0.344120   0.931663  -0.378321   -0.755001    0.700000
2.878312   0.869327   -0.340053   0.933470  -0.372870   -0.755001    0.700000
2.885084   0.872824   -0.335968   0.935252  -0.367440   -0.755001    0.700000
2.891857   0.876272   -0.331864   0.937009  -0.362030   -0.755001    0.700000
2.898629   0.879671   -0.327741   0.938741  -0.356640   -0.755001    0.700000
2.905402   0.883021   -0.323600   0.940448  -0.351270   -0.755001    0.700000
2.912174   0.886323   -0.319441   0.942131  -0.345920   -0.755001    0.700000
2.918947   0.889576   -0.315265   0.943788  -0.340588   -0.755001    0.700000
2.925719   0.892780   -0.311071   0.945421  -0.335275   -0.755001    0.700000
2.932492   0.895936   -0.306861   0.947029  -0.329980   -0.755001    0.700000
2.939264   0.899043   -0.302634   0.948613  -0.324703   -0.755001    0.700000
2.946037   0.902103   -0.298390   0.950172  -0.319444   -0.755001    0.700000
2.952809   0.905114   -0.294131   0.951706  -0.314201   -0.755001    0.700000
2.959582   0.908076   -0.289856   0.953215  -0.308976   -0.755001    0.700000
2.966354   0.910991   -0.285566   0.954700  -0.303766   -0.755001    0.700000
2.973127   0.913858   -0.281261   0.956161  -0.298573   -0.755001    0.700000
2.979899   0.916677   -0.276941   0.957597  -0.293395   -0.755001    0.700000
2.986672   0.919447   -0.272606   0.959009  -0.288233   -0.755001    0.700000
2.993444   0.922171   -0.268258   0.960396  -0.283086   -0.755001    0.700000
3.000217   0.924846   -0.263895   0.961759  -0.277953   -0.755001    0.700000
3.006989   0.927474   -0.259519   0.963098  -0.272835   -0.755001    0.700000
3.013762   0.930054   -0.255130   0.964412  -0.267731   -0.755001    0.700000
3.020534   0.932586   -0.250727   0.965702  -0.262641   -0.755001    0.700000
3.027307   0.935071   -0.246312   0.966968  -0.257564   -0.755001    0.700000
3.034079   0.937509   -0.241884   0.968210  -0.252501   -0.755001    0.700000
3.040852   0.939899   -0.237444   0.969427  -0.247450   -0.755000    0.700000
3.047624   0.942242   -0.232992   0.970621  -0.242412   -0.755000    0.700000
3.054397   0.944537   -0.228528   0.971790  -0.237386   -0.755000    0.700000
3.061169   0.946785   -0.224053   0.972935  -0.232372   -0.755000    0.700000
3.067942   0.948987   -0.219567   0.974056  -0.227369   -0.755000    0.700000
3.074714   0.951141   -0.215070   0.975153  -0.222378   -0.755000    0.700000
3.081487   0.953248   -0.210562   0.976226  -0.217398   -0.755000    0.700000
3.088259   0.955308   -0.206044   0.977276  -0.212429   -0.755000    0.700000
3.095032   0.957321   -0.201516   0.978301  -0.207471   -0.755000    0.700000
3.101804   0.959287   -0.196978   0.979302  -0.202522   -0.755000    0.700000
3.108577   0.961207   -0.192430   0.980279  -0.197584   -0.755000    0.700000
3.115349   0.963079   -0.187873   0.981233  -0.192656   -0.755000    0.700000
3.122122   0.964905   -0.183306   0.982163  -0.187736   -0.755000    0.700000
3.128894   0.966684   -0.178731   0.983068  -0.182827   -0.755000    0.700000
3.135667   0.968417   -0.174148   0.983950  -0.177925   -0.755000    0.700000
3.142439   0.970103   -0.169555   0.984809  -0.173033   -0.755000    0.700000
3.149212   0.971742   -0.164955   0.985643  -0.168149   -0.755000    0.700000
3.155984   0.973334   -0.160347   0.986454  -0.163273   -0.755000    0.700000
3.162757   0.974881   -0.155731   0.987241  -0.158405   -0.755000    0.700000
3.169529   0.976380   -0.151108   0.988004  -0.153545   -0.755000    0.700000
3.176302   0.977834   -0.146477   0.988744  -0.148692   -0.755000    0.700000
3.183074   0.979241   -0.141840   0.989460  -0.143847   -0.755000    0.700000
3.189847   0.980601   -0.137196   0.990152  -0.139008   -0.755000    0.700000
3.196619   0.981915   -0.132545   0.990821  -0.134175   -0.755000    0.700000
3.203392   0.983183   -0.127888   0.991466  -0.129350   -0.755000    0.700000
3.210164   0.984405   -0.123226   0.992087  -0.124530   -0.755000    0.700000
3.216937   0.985580   -0.118557   0.992685  -0.119716   -0.755000    0.700000
3.223709   0.986709   -0.113883   0.993260  -0.114908   -0.755000    0.700000
3.230482   0.987792   -0.109203   0.993810  -0.110106   -0.755000    0.700000
3.237254   0.988829   -0.104518   0.994337  -0.105308   -0.755000    0.700000
3.244027   0.989820   -0.099829   0.994841  -0.100516   -0.755000    0.700000
3.250799   0.990764   -0.095135   0.995321  -0.095728   -0.755000    0.700000
3.257572   0.991663   -0.090436   0.995778  -0.090945   -0.755000    0.700000
3.264344   0.992515   -0.085733   0.996211  -0.086166   -0.755000    0.700000
3.271117   0.993322   -0.081026   0.996621  -0.081391   -0.755000    0.700000
3.277889   0.994082   -0.076316   0.997007  -0.076620   -0.755000    0.700000
3.284662   0.994796   -0.071602   0.997370  -0.071852   -0.755000    0.700000
3.291434   0.995465   -0.066884   0.997709  -0.067088   -0.755000    0.700000
3.298207   0.996087   -0.062164   0.998025  -0.062327   -0.755000    0.700000
3.304979   0.996664   -0.057441   0.998317  -0.057569   -0.755000    0.700000
3.311752   0.997194   -0.052715   0.998586  -0.052814   -0.755000    0.700000
3.318524   0.997679   -0.047986   0.998832  -0.048061   -0.755000    0.700000
3.325297   0.998117   -0.043256   0.999054  -0.043310   -0.755000    0.700000
3.332069   0.998510   -0.038523   0.999253  -0.038561   -0.755000    0.700000
3.338842   0.998857   -0.033789   0.999428  -0.033814   -0.755000    0.700000
3.345614   0.999158   -0.029053   0.999580  -0.029069   -0.755000    0.700000
3.352387   0.999413   -0.024315   0.999708  -0.024325   -0.755000    0.700000
3.359159   0.999622   -0.019577   0.999814  -0.019582   -0.755000    0.700000
3.365932   0.999785   -0.014838   0.999895  -0.014840   -0.755000    0.700000
3.372704   0.999903   -0.010098   0.999954  -0.010098   -0.755000    0.700000
3.379477   0.999974   -0.005357   0.999988  -0.005357   -0.755000    0.700000
3.386249   1.000000   -0.000617   1.000000  -0.000617   -0.755000    0.700000
