Temperature   <m^2>     errorbar  errorbarx5  xaxis    yaxis
0.010000    1.000000   0.000000
0.020000    1.000000   0.000000
0.030000    1.000000   0.000000
0.040000    1.000000   0.000000
0.050000    1.000000   0.000000
0.060000    1.000000   0.000000
0.070000    1.000000   0.000000
0.080000    1.000000   0.000000
0.090000    1.000000   0.000000
0.100000    1.000000   0.000000
0.110000    1.000000   0.000000
0.120000    1.000000   0.000000
0.130000    1.000000   0.000000
0.140000    1.000000   0.000000
0.150000    1.000000   0.000000
0.160000    1.000000   0.000000
0.170000    1.000000   0.000000
0.180000    1.000000   0.000000
0.190000    1.000000   0.000000
0.200000    1.000000   0.000000
0.210000    1.000000   0.000000
0.220000    1.000000   0.000000
0.230000    1.000000   0.000000
0.240000    1.000000   0.000000
0.250000    1.000000   0.000000
0.260000    1.000000   0.000000
0.270000    1.000000   0.000000
0.280000    1.000000   0.000000
0.290000    1.000000   0.000000
0.300000    1.000000   0.000000
0.310000    1.000000   0.000000
0.320000    1.000000   0.000000
0.330000    1.000000   0.000000
0.340000    1.000000   0.000000
0.350000    1.000000   0.000000
0.360000    1.000000   0.000000
0.370000    1.000000   0.000000
0.380000    1.000000   0.000000
0.390000    1.000000   0.000000
0.400000    1.000000   0.000000
0.410000    1.000000   0.000000
0.420000    1.000000   0.000000
0.430000    1.000000   0.000000
0.440000    1.000000   0.000000
0.450000    1.000000   0.000000
0.460000    1.000000   0.000000
0.470000    1.000000   0.000000
0.480000    1.000000   0.000000
0.490000    1.000000   0.000000
0.500000    1.000000   0.000000
0.510000    0.999994   0.000060
0.520000    1.000000   0.000000
0.530000    1.000000   0.000000
0.540000    1.000000   0.000000
0.550000    1.000000   0.000000
0.560000    1.000000   0.000000
0.570000    1.000000   0.000000
0.580000    0.999982   0.000105
0.590000    1.000000   0.000000
0.600000    0.999982   0.000105
0.610000    0.999988   0.000085
0.620000    0.999988   0.000085
0.630000    0.999988   0.000085
0.640000    0.999988   0.000085
0.650000    0.999988   0.000085
0.660000    0.999994   0.000060
0.670000    0.999964   0.000148
0.680000    0.999964   0.000148
0.690000    0.999928   0.000225
0.700000    0.999952   0.000171
0.710000    0.999934   0.000200
0.720000    0.999964   0.000148
0.730000    0.999910   0.000234
0.740000    0.999952   0.000171
0.750000    0.999892   0.000256
0.760000    0.999910   0.000234
0.770000    0.999880   0.000270
0.780000    0.999892   0.000256
0.790000    0.999868   0.000283
0.800000    0.999790   0.000366
0.810000    0.999826   0.000325
0.820000    0.999766   0.000386
0.830000    0.999742   0.000404
0.840000    0.999688   0.000443
0.850000    0.999652   0.000466
0.860000    0.999640   0.000481
0.870000    0.999562   0.000540
0.880000    0.999490   0.000584
0.890000    0.999520   0.000563
0.900000    0.999453   0.000580
0.910000    0.999394   0.000621
0.920000    0.999387   0.000613
0.930000    0.999214   0.000717
0.940000    0.999220   0.000714
0.950000    0.999046   0.000787
0.960000    0.998830   0.000868
0.970000    0.998890   0.000844
0.980000    0.998794   0.000876
0.990000    0.998651   0.000948
1.000000    0.998458   0.000992
1.010000    0.998596   0.000947
1.020000    0.998542   0.000963
1.030000    0.998233   0.001112
1.040000    0.998176   0.001083
1.050000    0.997793   0.001200
1.060000    0.997532   0.001304
1.070000    0.997286   0.001366
1.080000    0.997392   0.001309
1.090000    0.997069   0.001390
1.100000    0.996961   0.001415
1.110000    0.996422   0.001604
1.120000    0.996378   0.001520
1.130000    0.996574   0.001539
1.140000    0.995985   0.001635
1.150000    0.996017   0.001650
1.160000    0.995573   0.001726
1.170000    0.995588   0.001752
1.180000    0.994975   0.001834
1.190000    0.994561   0.001956
1.200000    0.994547   0.001987
1.210000    0.993801   0.002165
1.220000    0.993280   0.002198
1.230000    0.993096   0.002232
1.240000    0.992967   0.002225
1.250000    0.992165   0.002333
1.260000    0.992306   0.002382
1.270000    0.991436   0.002475
1.280000    0.990925   0.002591
1.290000    0.989627   0.002739
1.300000    0.990266   0.002731
1.310000    0.989654   0.002754
1.320000    0.988398   0.002947
1.330000    0.988237   0.003003
1.340000    0.987405   0.003109
1.350000    0.987539   0.003040
1.360000    0.985801   0.003398
1.370000    0.985349   0.003361
1.380000    0.985018   0.003321
1.390000    0.984659   0.003494
1.400000    0.982772   0.003757
1.410000    0.982684   0.003751
1.420000    0.980921   0.003947
1.430000    0.979800   0.004143
1.440000    0.980120   0.004025
1.450000    0.979065   0.004487
1.460000    0.977952   0.004359
1.470000    0.976785   0.004533
1.480000    0.975248   0.004630
1.490000    0.975579   0.004530
1.500000    0.972613   0.004868
1.510000    0.972696   0.004951
1.520000    0.971563   0.004970
1.530000    0.971114   0.005036
1.540000    0.969095   0.005281
1.550000    0.967507   0.005605
1.560000    0.966770   0.005405
1.570000    0.964912   0.005715
1.580000    0.962867   0.005883
1.590000    0.962080   0.005962
1.600000    0.961339   0.006244
1.610000    0.959287   0.006124
1.620000    0.957638   0.006300
1.630000    0.956432   0.006467
1.640000    0.953984   0.006820
1.650000    0.953832   0.006660
1.660000    0.951315   0.006908
1.670000    0.948239   0.007355
1.680000    0.945732   0.008057
1.690000    0.944473   0.007543
1.700000    0.942553   0.007946
1.710000    0.941445   0.007860
1.720000    0.940805   0.007692
1.730000    0.937836   0.008145
1.740000    0.934751   0.008260
1.750000    0.928490   0.009594
1.760000    0.929229   0.009089
1.770000    0.928141   0.008802
1.780000    0.923744   0.009504
1.790000    0.921351   0.009878
1.800000    0.919032   0.009748
1.810000    0.914163   0.010343
1.820000    0.913002   0.010451
1.830000    0.909404   0.010967
1.840000    0.907666   0.010628
1.850000    0.901022   0.011665
1.860000    0.901328   0.011293
1.870000    0.896333   0.011397
1.880000    0.893158   0.011487
1.890000    0.892326   0.011995
1.900000    0.883268   0.013036
1.910000    0.884811   0.012388
1.920000    0.881471   0.012808
1.930000    0.871952   0.013664
1.940000    0.872479   0.013604
1.950000    0.866710   0.014035
1.960000    0.863265   0.014564
1.970000    0.859701   0.014235
1.980000    0.848437   0.015687
1.990000    0.846772   0.015672
2.000000    0.846087   0.015544
2.010000    0.843772   0.015971
2.020000    0.835295   0.016164
2.030000    0.825069   0.017411
2.040000    0.815622   0.017724
2.050000    0.819412   0.017251
2.060000    0.806999   0.018145
2.070000    0.796454   0.018741
2.080000    0.797438   0.018295
2.090000    0.789007   0.019288
2.100000    0.785142   0.019786
2.110000    0.772884   0.020094
2.120000    0.773965   0.020101
2.130000    0.757312   0.021065
2.140000    0.752470   0.021415
2.150000    0.757187   0.020644
2.160000    0.735048   0.022299
2.170000    0.730172   0.022493
2.180000    0.728073   0.022718
2.190000    0.710555   0.023843
2.200000    0.701577   0.024430
2.210000    0.704901   0.023686
2.220000    0.694932   0.024007
2.230000    0.677048   0.025169
2.240000    0.680811   0.024255
2.250000    0.661235   0.025226
2.260000    0.651484   0.025774
2.270000    0.638379   0.026202
2.280000    0.653812   0.025250
2.290000    0.634756   0.026327
2.300000    0.618450   0.026132
2.310000    0.612383   0.026766
2.320000    0.597436   0.027380
2.330000    0.582983   0.027229
2.340000    0.576803   0.027194
2.350000    0.567905   0.027474
2.360000    0.559846   0.028187
2.370000    0.551287   0.027964
2.380000    0.548153   0.027849
2.390000    0.538752   0.028039
2.400000    0.527416   0.028082
2.410000    0.520392   0.028314
2.420000    0.506001   0.028136
2.430000    0.499105   0.028403
2.440000    0.481200   0.028400
2.450000    0.466534   0.028492
2.460000    0.463549   0.028392
2.470000    0.464966   0.028183
2.480000    0.455328   0.027866
2.490000    0.432368   0.028062
2.500000    0.426409   0.028394
2.510000    0.416392   0.027782
2.520000    0.412761   0.027539
2.530000    0.404205   0.027506
2.540000    0.406255   0.027500
2.550000    0.393907   0.027580
2.560000    0.383305   0.027126
2.570000    0.368294   0.027009
2.580000    0.362545   0.027108
2.590000    0.361631   0.026946
2.600000    0.363728   0.026796
2.610000    0.340934   0.026344
2.620000    0.341814   0.026660
2.630000    0.332906   0.026060
2.640000    0.325413   0.025952
2.650000    0.316987   0.025813
2.660000    0.316624   0.025597
2.670000    0.304804   0.025132
2.680000    0.304439   0.025275
2.690000    0.293620   0.024598
2.700000    0.304759   0.025156
2.710000    0.283389   0.024531
2.720000    0.272327   0.024236
2.730000    0.276081   0.023973
2.740000    0.260062   0.023508
2.750000    0.251655   0.023137
2.760000    0.259003   0.023464
2.770000    0.254678   0.022851
2.780000    0.251953   0.023088
2.790000    0.243255   0.022664
2.800000    0.233812   0.022306
2.810000    0.233836   0.022309
2.820000    0.233446   0.022121
2.830000    0.216548   0.021470
2.840000    0.229752   0.022017
2.850000    0.217666   0.021217
2.860000    0.217364   0.021394
2.870000    0.213912   0.021239
2.880000    0.202389   0.020335
2.890000    0.203587   0.020404
2.900000    0.200482   0.020414
2.910000    0.199174   0.020140
2.920000    0.196155   0.019948
2.930000    0.188393   0.019622
2.940000    0.187101   0.019331
2.950000    0.182126   0.019151
2.960000    0.181876   0.018504
2.970000    0.176942   0.018554
2.980000    0.175462   0.018818
2.990000    0.173092   0.018533
3.000000    0.171454   0.018256
3.010000    0.173605   0.018502
3.020000    0.167256   0.017884
3.030000    0.159438   0.017468
3.040000    0.162952   0.017674
3.050000    0.157242   0.017193
3.060000    0.156025   0.017181
3.070000    0.152011   0.016893
3.080000    0.154373   0.016836
3.090000    0.152966   0.016999
3.100000    0.152292   0.016842
3.110000    0.143485   0.016165
3.120000    0.141884   0.016105
3.130000    0.142758   0.016094
3.140000    0.141009   0.015863
3.150000    0.137124   0.015659
3.160000    0.138306   0.015833
3.170000    0.135474   0.015595
3.180000    0.132053   0.015320
3.190000    0.131622   0.015286
3.200000    0.129951   0.014899
3.210000    0.128152   0.014883
3.220000    0.126521   0.014826
3.230000    0.128878   0.014897
3.240000    0.126320   0.014734
3.250000    0.118565   0.014097
3.260000    0.123245   0.014325
3.270000    0.117517   0.013896
3.280000    0.117741   0.013937
3.290000    0.116892   0.013720
3.300000    0.115365   0.013712
3.310000    0.113998   0.013678
3.320000    0.114296   0.013380
3.330000    0.111772   0.013289
3.340000    0.111504   0.013298
3.350000    0.109893   0.013131
3.360000    0.106030   0.012769
3.370000    0.108959   0.012780
3.380000    0.107387   0.012842
3.390000    0.103954   0.012606
3.400000    0.105202   0.012580
3.410000    0.102371   0.012449
3.420000    0.100656   0.012172
3.430000    0.101902   0.012395
3.440000    0.103611   0.012626
3.450000    0.096295   0.011764
3.460000    0.098393   0.012081
3.470000    0.097658   0.012064
3.480000    0.096268   0.012012
3.490000    0.095828   0.011740
3.500000    0.093498   0.011535
3.510000    0.092322   0.011536
3.520000    0.093213   0.011549
3.530000    0.091562   0.011448
3.540000    0.092785   0.011344
3.550000    0.091881   0.011486
3.560000    0.087299   0.010984
3.570000    0.088200   0.010910
3.580000    0.088943   0.011078
3.590000    0.088486   0.011079
3.600000    0.088169   0.010981
3.610000    0.086775   0.011170
3.620000    0.086181   0.010783
3.630000    0.085805   0.010745
3.640000    0.084991   0.010676
3.650000    0.082938   0.010318
3.660000    0.081838   0.010372
3.670000    0.081205   0.010240
3.680000    0.083075   0.010389
3.690000    0.081375   0.010287
3.700000    0.081055   0.010192
3.710000    0.077635   0.010063
3.720000    0.079405   0.010191
3.730000    0.078028   0.009911
3.740000    0.078372   0.009960
3.750000    0.077746   0.009884
3.760000    0.078049   0.010011
3.770000    0.076384   0.009687
3.780000    0.076443   0.009831
3.790000    0.074799   0.009548
3.800000    0.073803   0.009376
3.810000    0.074961   0.009617
3.820000    0.074807   0.009628
3.830000    0.073538   0.009453
3.840000    0.073806   0.009447
3.850000    0.073629   0.009604
3.860000    0.073257   0.009421
3.870000    0.073111   0.009320
3.880000    0.071311   0.009116
3.890000    0.072052   0.009207
3.900000    0.069935   0.008955
3.910000    0.071175   0.009255
3.920000    0.071214   0.009175
3.930000    0.070198   0.009143
3.940000    0.067011   0.008516
3.950000    0.069223   0.009090
3.960000    0.071856   0.009176
3.970000    0.066871   0.008807
3.980000    0.066933   0.008645
3.990000    0.066255   0.008550
4.000000    0.065299   0.008541
