Temperature   <m^2>     errorbar  errorbarx5  xaxis    yaxis
0.010000    1.000000   0.000000
0.020000    1.000000   0.000000
0.030000    1.000000   0.000000
0.040000    1.000000   0.000000
0.050000    1.000000   0.000000
0.060000    1.000000   0.000000
0.070000    1.000000   0.000000
0.080000    1.000000   0.000000
0.090000    1.000000   0.000000
0.100000    1.000000   0.000000
0.110000    1.000000   0.000000
0.120000    1.000000   0.000000
0.130000    1.000000   0.000000
0.140000    1.000000   0.000000
0.150000    1.000000   0.000000
0.160000    1.000000   0.000000
0.170000    1.000000   0.000000
0.180000    1.000000   0.000000
0.190000    1.000000   0.000000
0.200000    1.000000   0.000000
0.210000    1.000000   0.000000
0.220000    1.000000   0.000000
0.230000    1.000000   0.000000
0.240000    1.000000   0.000000
0.250000    1.000000   0.000000
0.260000    1.000000   0.000000
0.270000    1.000000   0.000000
0.280000    1.000000   0.000000
0.290000    1.000000   0.000000
0.300000    1.000000   0.000000
0.310000    1.000000   0.000000
0.320000    1.000000   0.000000
0.330000    1.000000   0.000000
0.340000    1.000000   0.000000
0.350000    1.000000   0.000000
0.360000    1.000000   0.000000
0.370000    1.000000   0.000000
0.380000    1.000000   0.000000
0.390000    1.000000   0.000000
0.400000    1.000000   0.000000
0.410000    1.000000   0.000000
0.420000    1.000000   0.000000
0.430000    1.000000   0.000000
0.440000    1.000000   0.000000
0.450000    1.000000   0.000000
0.460000    1.000000   0.000000
0.470000    1.000000   0.000000
0.480000    1.000000   0.000000
0.490000    1.000000   0.000000
0.500000    1.000000   0.000000
0.510000    0.999999   0.000000
0.520000    0.999999   0.000000
0.530000    0.999999   0.000000
0.540000    0.999999   0.000000
0.550000    0.999998   0.000000
0.560000    0.999998   0.000000
0.570000    0.999997   0.000000
0.580000    0.999996   0.000000
0.590000    0.999995   0.000000
0.600000    0.999993   0.000000
0.610000    0.999992   0.000000
0.620000    0.999990   0.000000
0.630000    0.999988   0.000000
0.640000    0.999985   0.000000
0.650000    0.999982   0.000000
0.660000    0.999978   0.000000
0.670000    0.999973   0.000000
0.680000    0.999969   0.000000
0.690000    0.999963   0.000000
0.700000    0.999956   0.000000
0.710000    0.999948   0.000000
0.720000    0.999940   0.000000
0.730000    0.999929   0.000000
0.740000    0.999918   0.000000
0.750000    0.999905   0.000000
0.760000    0.999890   0.000000
0.770000    0.999874   0.000000
0.780000    0.999857   0.000000
0.790000    0.999837   0.000000
0.800000    0.999813   0.000000
0.810000    0.999789   0.000000
0.820000    0.999762   0.000000
0.830000    0.999730   0.000000
0.840000    0.999698   0.000000
0.850000    0.999661   0.000000
0.860000    0.999620   0.000000
0.870000    0.999576   0.000000
0.880000    0.999531   0.000000
0.890000    0.999478   0.000000
0.900000    0.999422   0.000000
0.910000    0.999360   0.000001
0.920000    0.999294   0.000001
0.930000    0.999224   0.000001
0.940000    0.999147   0.000001
0.950000    0.999064   0.000001
0.960000    0.998976   0.000001
0.970000    0.998881   0.000001
0.980000    0.998777   0.000001
0.990000    0.998668   0.000001
1.000000    0.998552   0.000001
1.010000    0.998429   0.000001
1.020000    0.998295   0.000001
1.030000    0.998155   0.000001
1.040000    0.998005   0.000001
1.050000    0.997844   0.000001
1.060000    0.997676   0.000001
1.070000    0.997495   0.000001
1.080000    0.997309   0.000001
1.090000    0.997111   0.000001
1.100000    0.996897   0.000001
1.110000    0.996675   0.000001
1.120000    0.996439   0.000001
1.130000    0.996189   0.000001
1.140000    0.995928   0.000001
1.150000    0.995649   0.000001
1.160000    0.995362   0.000001
1.170000    0.995056   0.000001
1.180000    0.994741   0.000002
1.190000    0.994413   0.000002
1.200000    0.994058   0.000002
1.210000    0.993696   0.000002
1.220000    0.993311   0.000002
1.230000    0.992919   0.000002
1.240000    0.992497   0.000002
1.250000    0.992059   0.000002
1.260000    0.991602   0.000002
1.270000    0.991136   0.000002
1.280000    0.990626   0.000002
1.290000    0.990113   0.000002
1.300000    0.989583   0.000002
1.310000    0.989014   0.000002
1.320000    0.988430   0.000002
1.330000    0.987827   0.000002
1.340000    0.987195   0.000002
1.350000    0.986528   0.000003
1.360000    0.985851   0.000003
1.370000    0.985138   0.000003
1.380000    0.984413   0.000003
1.390000    0.983642   0.000003
1.400000    0.982857   0.000003
1.410000    0.982031   0.000003
1.420000    0.981190   0.000003
1.430000    0.980291   0.000003
1.440000    0.979373   0.000003
1.450000    0.978445   0.000003
1.460000    0.977463   0.000003
1.470000    0.976439   0.000004
1.480000    0.975391   0.000004
1.490000    0.974296   0.000004
1.500000    0.973203   0.000004
1.510000    0.972028   0.000004
1.520000    0.970829   0.000004
1.530000    0.969592   0.000004
1.540000    0.968318   0.000004
1.550000    0.966979   0.000004
1.560000    0.965621   0.000005
1.570000    0.964213   0.000005
1.580000    0.962726   0.000005
1.590000    0.961243   0.000005
1.600000    0.959675   0.000005
1.610000    0.958069   0.000005
1.620000    0.956401   0.000005
1.630000    0.954679   0.000006
1.640000    0.952947   0.000006
1.650000    0.951113   0.000006
1.660000    0.949227   0.000006
1.670000    0.947258   0.000006
1.680000    0.945275   0.000006
1.690000    0.943213   0.000006
1.700000    0.941081   0.000007
1.710000    0.938855   0.000007
1.720000    0.936636   0.000007
1.730000    0.934242   0.000007
1.740000    0.931849   0.000007
1.750000    0.929342   0.000008
1.760000    0.926751   0.000008
1.770000    0.924103   0.000008
1.780000    0.921329   0.000008
1.790000    0.918506   0.000008
1.800000    0.915645   0.000009
1.810000    0.912620   0.000009
1.820000    0.909440   0.000009
1.830000    0.906307   0.000010
1.840000    0.902926   0.000010
1.850000    0.899527   0.000010
1.860000    0.895907   0.000011
1.870000    0.892282   0.000011
1.880000    0.888493   0.000011
1.890000    0.884587   0.000011
1.900000    0.880453   0.000012
1.910000    0.876229   0.000012
1.920000    0.871917   0.000013
1.930000    0.867480   0.000013
1.940000    0.862805   0.000014
1.950000    0.857827   0.000014
1.960000    0.852857   0.000014
1.970000    0.847664   0.000015
1.980000    0.842227   0.000016
1.990000    0.836570   0.000016
2.000000    0.830692   0.000017
2.010000    0.824401   0.000018
2.020000    0.818050   0.000018
2.030000    0.811561   0.000019
2.040000    0.804741   0.000020
2.050000    0.797270   0.000022
2.060000    0.789889   0.000022
2.070000    0.781608   0.000023
2.080000    0.773007   0.000025
2.090000    0.764498   0.000026
2.100000    0.755052   0.000027
2.110000    0.745504   0.000029
2.120000    0.734828   0.000031
2.130000    0.724042   0.000033
2.140000    0.712497   0.000033
2.150000    0.699709   0.000038
2.160000    0.685608   0.000040
2.170000    0.671768   0.000044
2.180000    0.655302   0.000047
2.190000    0.637782   0.000057
2.200000    0.618380   0.000064
2.210000    0.595497   0.000067
2.220000    0.571822   0.000087
2.230000    0.541442   0.000095
2.240000    0.509745   0.000172
2.250000    0.477328   0.000764
2.260000    0.427959   0.000660
2.270000    0.379878   0.000752
2.280000    0.326211   0.000645
2.290000    0.271550   0.000593
2.300000    0.225216   0.000565
2.310000    0.186097   0.000515
2.320000    0.151202   0.000474
2.330000    0.120272   0.000440
2.340000    0.098968   0.000382
2.350000    0.081840   0.000349
2.360000    0.069609   0.000319
2.370000    0.057716   0.000286
2.380000    0.049142   0.000278
2.390000    0.043842   0.000244
2.400000    0.038610   0.000245
2.410000    0.034012   0.000226
2.420000    0.030402   0.000218
2.430000    0.027045   0.000196
2.440000    0.025125   0.000195
2.450000    0.022710   0.000187
2.460000    0.021273   0.000181
2.470000    0.018674   0.000168
2.480000    0.017627   0.000164
2.490000    0.016581   0.000160
2.500000    0.015221   0.000153
2.510000    0.014227   0.000150
2.520000    0.013408   0.000146
2.530000    0.012628   0.000139
2.540000    0.011859   0.000134
2.550000    0.011296   0.000133
2.560000    0.010722   0.000127
2.570000    0.010089   0.000123
2.580000    0.009472   0.000120
2.590000    0.009164   0.000117
2.600000    0.008811   0.000117
2.610000    0.008338   0.000113
2.620000    0.007967   0.000111
2.630000    0.007628   0.000108
2.640000    0.007361   0.000106
2.650000    0.007115   0.000103
2.660000    0.006784   0.000101
2.670000    0.006524   0.000101
2.680000    0.006337   0.000099
2.690000    0.006064   0.000095
2.700000    0.005889   0.000094
2.710000    0.005716   0.000093
2.720000    0.005541   0.000092
2.730000    0.005359   0.000091
2.740000    0.005173   0.000090
2.750000    0.005025   0.000088
2.760000    0.004914   0.000086
2.770000    0.004766   0.000085
2.780000    0.004594   0.000084
2.790000    0.004496   0.000082
2.800000    0.004341   0.000081
2.810000    0.004274   0.000080
2.820000    0.004165   0.000079
2.830000    0.004072   0.000078
2.840000    0.003947   0.000077
2.850000    0.003841   0.000076
2.860000    0.003757   0.000076
2.870000    0.003681   0.000075
2.880000    0.003592   0.000074
2.890000    0.003514   0.000073
2.900000    0.003456   0.000073
2.910000    0.003369   0.000072
2.920000    0.003274   0.000070
2.930000    0.003242   0.000071
2.940000    0.003180   0.000069
2.950000    0.003115   0.000069
2.960000    0.003048   0.000068
2.970000    0.002985   0.000068
2.980000    0.002926   0.000067
2.990000    0.002886   0.000066
3.000000    0.002814   0.000065
3.010000    0.002787   0.000065
3.020000    0.002729   0.000065
3.030000    0.002696   0.000064
3.040000    0.002636   0.000063
3.050000    0.002595   0.000063
3.060000    0.002545   0.000062
3.070000    0.002515   0.000062
3.080000    0.002483   0.000061
3.090000    0.002443   0.000061
3.100000    0.002414   0.000060
3.110000    0.002356   0.000060
3.120000    0.002330   0.000060
3.130000    0.002289   0.000059
3.140000    0.002260   0.000059
3.150000    0.002236   0.000059
3.160000    0.002196   0.000058
3.170000    0.002173   0.000057
3.180000    0.002129   0.000057
3.190000    0.002104   0.000057
3.200000    0.002084   0.000057
3.210000    0.002060   0.000056
3.220000    0.002008   0.000055
3.230000    0.002000   0.000055
3.240000    0.001971   0.000055
3.250000    0.001957   0.000054
3.260000    0.001926   0.000054
3.270000    0.001901   0.000054
3.280000    0.001880   0.000054
3.290000    0.001856   0.000053
3.300000    0.001844   0.000053
3.310000    0.001817   0.000053
3.320000    0.001795   0.000052
3.330000    0.001775   0.000052
3.340000    0.001756   0.000052
3.350000    0.001739   0.000051
3.360000    0.001718   0.000051
3.370000    0.001701   0.000051
3.380000    0.001677   0.000051
3.390000    0.001659   0.000050
3.400000    0.001647   0.000050
3.410000    0.001630   0.000050
3.420000    0.001616   0.000050
3.430000    0.001600   0.000049
3.440000    0.001586   0.000049
3.450000    0.001568   0.000049
3.460000    0.001547   0.000049
3.470000    0.001534   0.000048
3.480000    0.001523   0.000048
3.490000    0.001505   0.000048
3.500000    0.001499   0.000048
3.510000    0.001484   0.000048
3.520000    0.001472   0.000048
3.530000    0.001460   0.000047
3.540000    0.001441   0.000047
3.550000    0.001431   0.000047
3.560000    0.001420   0.000047
3.570000    0.001409   0.000046
3.580000    0.001399   0.000046
3.590000    0.001379   0.000046
3.600000    0.001371   0.000046
3.610000    0.001358   0.000045
3.620000    0.001344   0.000045
3.630000    0.001336   0.000045
3.640000    0.001331   0.000045
3.650000    0.001315   0.000045
3.660000    0.001309   0.000045
3.670000    0.001304   0.000045
3.680000    0.001284   0.000044
3.690000    0.001279   0.000044
3.700000    0.001265   0.000044
3.710000    0.001256   0.000044
3.720000    0.001249   0.000044
3.730000    0.001237   0.000043
3.740000    0.001231   0.000043
3.750000    0.001222   0.000043
3.760000    0.001219   0.000043
3.770000    0.001211   0.000043
3.780000    0.001199   0.000043
3.790000    0.001191   0.000043
3.800000    0.001180   0.000043
3.810000    0.001174   0.000042
3.820000    0.001166   0.000042
3.830000    0.001160   0.000042
3.840000    0.001157   0.000042
3.850000    0.001138   0.000042
3.860000    0.001136   0.000042
3.870000    0.001132   0.000042
3.880000    0.001122   0.000041
3.890000    0.001115   0.000041
3.900000    0.001107   0.000041
3.910000    0.001104   0.000041
3.920000    0.001094   0.000041
3.930000    0.001088   0.000041
3.940000    0.001079   0.000041
3.950000    0.001076   0.000040
3.960000    0.001067   0.000040
3.970000    0.001063   0.000040
3.980000    0.001055   0.000040
3.990000    0.001050   0.000040
4.000000    0.001047   0.000040
