Temperature   <m^2>     error bar
0.010000    1.000000   0.000000
0.020000    1.000000   0.000000
0.030000    1.000000   0.000000
0.040000    1.000000   0.000000
0.050000    1.000000   0.000000
0.060000    1.000000   0.000000
0.070000    1.000000   0.000000
0.080000    1.000000   0.000000
0.090000    1.000000   0.000000
0.100000    1.000000   0.000000
0.110000    1.000000   0.000000
0.120000    1.000000   0.000000
0.130000    1.000000   0.000000
0.140000    1.000000   0.000000
0.150000    1.000000   0.000000
0.160000    1.000000   0.000000
0.170000    1.000000   0.000000
0.180000    1.000000   0.000000
0.190000    1.000000   0.000000
0.200000    1.000000   0.000000
0.210000    1.000000   0.000000
0.220000    1.000000   0.000000
0.230000    1.000000   0.000000
0.240000    1.000000   0.000000
0.250000    1.000000   0.000000
0.260000    1.000000   0.000000
0.270000    1.000000   0.000000
0.280000    1.000000   0.000000
0.290000    1.000000   0.000000
0.300000    1.000000   0.000000
0.310000    1.000000   0.000000
0.320000    1.000000   0.000000
0.330000    1.000000   0.000000
0.340000    1.000000   0.000000
0.350000    1.000000   0.000000
0.360000    1.000000   0.000000
0.370000    1.000000   0.000000
0.380000    1.000000   0.000000
0.390000    1.000000   0.000000
0.400000    1.000000   0.000000
0.410000    1.000000   0.000000
0.420000    1.000000   0.000000
0.430000    1.000000   0.000000
0.440000    1.000000   0.000000
0.450000    1.000000   0.000000
0.460000    1.000000   0.000000
0.470000    1.000000   0.000000
0.480000    1.000000   0.000000
0.490000    1.000000   0.000000
0.500000    1.000000   0.000000
0.510000    0.999999   0.000000
0.520000    0.999999   0.000000
0.530000    0.999999   0.000000
0.540000    0.999998   0.000000
0.550000    0.999998   0.000000
0.560000    0.999997   0.000000
0.570000    0.999997   0.000000
0.580000    0.999996   0.000000
0.590000    0.999995   0.000000
0.600000    0.999994   0.000000
0.610000    0.999992   0.000000
0.620000    0.999989   0.000000
0.630000    0.999987   0.000000
0.640000    0.999985   0.000000
0.650000    0.999983   0.000000
0.660000    0.999977   0.000000
0.670000    0.999974   0.000000
0.680000    0.999969   0.000000
0.690000    0.999963   0.000000
0.700000    0.999954   0.000001
0.710000    0.999948   0.000001
0.720000    0.999938   0.000001
0.730000    0.999930   0.000001
0.740000    0.999919   0.000001
0.750000    0.999907   0.000001
0.760000    0.999889   0.000001
0.770000    0.999872   0.000001
0.780000    0.999853   0.000001
0.790000    0.999835   0.000001
0.800000    0.999811   0.000001
0.810000    0.999788   0.000001
0.820000    0.999760   0.000001
0.830000    0.999732   0.000001
0.840000    0.999695   0.000001
0.850000    0.999661   0.000001
0.860000    0.999623   0.000002
0.870000    0.999578   0.000002
0.880000    0.999527   0.000002
0.890000    0.999480   0.000002
0.900000    0.999428   0.000002
0.910000    0.999359   0.000002
0.920000    0.999297   0.000002
0.930000    0.999219   0.000002
0.940000    0.999143   0.000002
0.950000    0.999065   0.000003
0.960000    0.998978   0.000003
0.970000    0.998885   0.000003
0.980000    0.998777   0.000003
0.990000    0.998673   0.000003
1.000000    0.998552   0.000003
1.010000    0.998421   0.000003
1.020000    0.998293   0.000003
1.030000    0.998156   0.000003
1.040000    0.997995   0.000004
1.050000    0.997846   0.000004
1.060000    0.997687   0.000004
1.070000    0.997491   0.000004
1.080000    0.997322   0.000004
1.090000    0.997099   0.000004
1.100000    0.996903   0.000005
1.110000    0.996688   0.000005
1.120000    0.996426   0.000005
1.130000    0.996179   0.000005
1.140000    0.995935   0.000005
1.150000    0.995653   0.000005
1.160000    0.995360   0.000006
1.170000    0.995094   0.000006
1.180000    0.994736   0.000006
1.190000    0.994410   0.000006
1.200000    0.994072   0.000006
1.210000    0.993683   0.000007
1.220000    0.993305   0.000007
1.230000    0.992940   0.000007
1.240000    0.992514   0.000007
1.250000    0.992042   0.000008
1.260000    0.991591   0.000008
1.270000    0.991128   0.000008
1.280000    0.990656   0.000008
1.290000    0.990121   0.000009
1.300000    0.989587   0.000009
1.310000    0.989032   0.000009
1.320000    0.988421   0.000010
1.330000    0.987824   0.000010
1.340000    0.987216   0.000010
1.350000    0.986506   0.000010
1.360000    0.985862   0.000011
1.370000    0.985126   0.000011
1.380000    0.984401   0.000011
1.390000    0.983663   0.000012
1.400000    0.982823   0.000012
1.410000    0.982058   0.000012
1.420000    0.981113   0.000013
1.430000    0.980343   0.000013
1.440000    0.979456   0.000013
1.450000    0.978446   0.000013
1.460000    0.977505   0.000014
1.470000    0.976519   0.000014
1.480000    0.975477   0.000015
1.490000    0.974285   0.000015
1.500000    0.973229   0.000016
1.510000    0.971987   0.000016
1.520000    0.970862   0.000016
1.530000    0.969693   0.000017
1.540000    0.968353   0.000018
1.550000    0.966943   0.000018
1.560000    0.965668   0.000018
1.570000    0.964254   0.000019
1.580000    0.962810   0.000019
1.590000    0.961274   0.000020
1.600000    0.959619   0.000020
1.610000    0.958104   0.000021
1.620000    0.956433   0.000021
1.630000    0.954795   0.000022
1.640000    0.952991   0.000023
1.650000    0.951257   0.000024
1.660000    0.949298   0.000024
1.670000    0.947235   0.000024
1.680000    0.945255   0.000025
1.690000    0.943243   0.000026
1.700000    0.941181   0.000026
1.710000    0.938950   0.000027
1.720000    0.936772   0.000028
1.730000    0.934276   0.000029
1.740000    0.931954   0.000030
1.750000    0.929419   0.000030
1.760000    0.926842   0.000031
1.770000    0.924159   0.000034
1.780000    0.921597   0.000033
1.790000    0.918660   0.000034
1.800000    0.915737   0.000034
1.810000    0.912679   0.000036
1.820000    0.909661   0.000038
1.830000    0.906398   0.000038
1.840000    0.902873   0.000039
1.850000    0.899908   0.000040
1.860000    0.895813   0.000043
1.870000    0.892517   0.000043
1.880000    0.888899   0.000044
1.890000    0.884674   0.000046
1.900000    0.880610   0.000048
1.910000    0.876144   0.000050
1.920000    0.871968   0.000052
1.930000    0.867511   0.000055
1.940000    0.862892   0.000057
1.950000    0.858002   0.000057
1.960000    0.853037   0.000059
1.970000    0.847782   0.000059
1.980000    0.842488   0.000063
1.990000    0.836489   0.000068
2.000000    0.830656   0.000072
2.010000    0.824421   0.000073
2.020000    0.818825   0.000074
2.030000    0.812455   0.000081
2.040000    0.805092   0.000081
2.050000    0.797088   0.000087
2.060000    0.789523   0.000088
2.070000    0.782186   0.000093
2.080000    0.774724   0.000097
2.090000    0.765914   0.000114
2.100000    0.756072   0.000114
2.110000    0.745585   0.000117
2.120000    0.734999   0.000118
2.130000    0.726148   0.000121
2.140000    0.714078   0.000139
2.150000    0.699510   0.000153
2.160000    0.687029   0.001565
2.170000    0.673877   0.001356
2.180000    0.660055   0.000863
2.190000    0.641312   0.000205
2.200000    0.624177   0.001897
2.210000    0.605150   0.001702
2.220000    0.587503   0.001881
2.230000    0.559439   0.001813
2.240000    0.535169   0.001212
2.250000    0.511230   0.001719
2.260000    0.481990   0.001326
2.270000    0.453109   0.001624
2.280000    0.422791   0.001546
2.290000    0.391167   0.001560
2.300000    0.358096   0.001381
2.310000    0.331939   0.001436
2.320000    0.307455   0.001332
2.330000    0.272619   0.001285
2.340000    0.248236   0.001259
2.350000    0.219791   0.001170
2.360000    0.206838   0.001114
2.370000    0.189289   0.001081
2.380000    0.166862   0.001021
2.390000    0.150733   0.000938
2.400000    0.134804   0.000920
2.410000    0.124442   0.000864
2.420000    0.112690   0.000818
2.430000    0.102787   0.000797
2.440000    0.092803   0.000730
2.450000    0.090427   0.000733
2.460000    0.081929   0.000684
2.470000    0.077114   0.000669
2.480000    0.069442   0.000621
2.490000    0.065168   0.000626
2.500000    0.061315   0.000603
2.510000    0.056271   0.000581
2.520000    0.053718   0.000566
2.530000    0.050057   0.000535
2.540000    0.047921   0.000528
2.550000    0.044585   0.000523
2.560000    0.043357   0.000495
2.570000    0.040095   0.000495
2.580000    0.039029   0.000490
2.590000    0.036837   0.000468
2.600000    0.034719   0.000445
2.610000    0.033542   0.000455
2.620000    0.032927   0.000439
2.630000    0.030617   0.000441
2.640000    0.029365   0.000408
2.650000    0.028227   0.000411
2.660000    0.027145   0.000404
2.670000    0.025965   0.000399
2.680000    0.025458   0.000393
2.690000    0.023998   0.000381
2.700000    0.023710   0.000372
2.710000    0.022564   0.000370
2.720000    0.021854   0.000361
2.730000    0.021535   0.000358
2.740000    0.020999   0.000370
2.750000    0.020314   0.000353
2.760000    0.019761   0.000349
2.770000    0.019028   0.000333
2.780000    0.018789   0.000342
2.790000    0.018130   0.000341
2.800000    0.017440   0.000323
2.810000    0.016982   0.000317
2.820000    0.016436   0.000318
2.830000    0.016372   0.000319
2.840000    0.015846   0.000307
2.850000    0.015384   0.000305
2.860000    0.015248   0.000301
2.870000    0.014652   0.000300
2.880000    0.014406   0.000292
2.890000    0.014105   0.000302
2.900000    0.013783   0.000291
2.910000    0.013473   0.000285
2.920000    0.013108   0.000278
2.930000    0.012980   0.000288
2.940000    0.012690   0.000280
2.950000    0.012428   0.000273
2.960000    0.012161   0.000277
2.970000    0.011982   0.000266
2.980000    0.011690   0.000264
2.990000    0.011320   0.000266
3.000000    0.011278   0.000263
3.010000    0.011235   0.000264
3.020000    0.010873   0.000259
3.030000    0.010769   0.000258
3.040000    0.010504   0.000252
3.050000    0.010444   0.000255
3.060000    0.010218   0.000252
3.070000    0.010037   0.000250
3.080000    0.009948   0.000244
3.090000    0.009781   0.000243
3.100000    0.009665   0.000242
3.110000    0.009425   0.000240
3.120000    0.009308   0.000234
3.130000    0.009232   0.000236
3.140000    0.009011   0.000234
3.150000    0.008919   0.000231
3.160000    0.008791   0.000231
3.170000    0.008659   0.000232
3.180000    0.008574   0.000229
3.190000    0.008444   0.000228
3.200000    0.008392   0.000225
3.210000    0.008188   0.000222
3.220000    0.008103   0.000224
3.230000    0.008041   0.000221
3.240000    0.007979   0.000223
3.250000    0.007830   0.000217
3.260000    0.007708   0.000220
3.270000    0.007579   0.000215
3.280000    0.007541   0.000216
3.290000    0.007412   0.000213
3.300000    0.007380   0.000210
3.310000    0.007299   0.000210
3.320000    0.007134   0.000208
3.330000    0.007121   0.000209
3.340000    0.007026   0.000208
3.350000    0.007048   0.000206
3.360000    0.006912   0.000207
3.370000    0.006805   0.000204
3.380000    0.006725   0.000203
3.390000    0.006681   0.000201
3.400000    0.006571   0.000203
3.410000    0.006531   0.000199
3.420000    0.006510   0.000200
3.430000    0.006378   0.000197
3.440000    0.006312   0.000198
3.450000    0.006265   0.000196
3.460000    0.006214   0.000196
3.470000    0.006132   0.000193
3.480000    0.006120   0.000195
3.490000    0.006084   0.000195
3.500000    0.005992   0.000193
3.510000    0.005941   0.000192
3.520000    0.005914   0.000190
3.530000    0.005836   0.000187
3.540000    0.005779   0.000189
3.550000    0.005776   0.000188
3.560000    0.005694   0.000185
3.570000    0.005611   0.000184
3.580000    0.005594   0.000185
3.590000    0.005562   0.000185
3.600000    0.005488   0.000181
3.610000    0.005466   0.000183
3.620000    0.005404   0.000182
3.630000    0.005379   0.000181
3.640000    0.005358   0.000182
3.650000    0.005289   0.000181
3.660000    0.005212   0.000180
3.670000    0.005190   0.000178
3.680000    0.005186   0.000176
3.690000    0.005137   0.000179
3.700000    0.005103   0.000177
3.710000    0.005047   0.000175
3.720000    0.005012   0.000174
3.730000    0.004979   0.000175
3.740000    0.004881   0.000174
3.750000    0.004892   0.000173
3.760000    0.004876   0.000172
3.770000    0.004809   0.000173
3.780000    0.004808   0.000171
3.790000    0.004778   0.000170
3.800000    0.004739   0.000170
3.810000    0.004725   0.000172
3.820000    0.004642   0.000167
3.830000    0.004667   0.000170
3.840000    0.004598   0.000167
3.850000    0.004565   0.000166
3.860000    0.004583   0.000168
3.870000    0.004530   0.000167
3.880000    0.004468   0.000166
3.890000    0.004482   0.000167
3.900000    0.004417   0.000164
3.910000    0.004424   0.000165
3.920000    0.004389   0.000163
3.930000    0.004362   0.000163
3.940000    0.004348   0.000163
3.950000    0.004334   0.000162
3.960000    0.004256   0.000161
3.970000    0.004279   0.000161
3.980000    0.004234   0.000159
3.990000    0.004203   0.000159
4.000000    0.004174   0.000160
